91 14 15 1050 -100 -100
92 14 15 1035 0 26
93 13 15 1042 0 27
94 14 15 1023 -100 27
97 13 15 1032 0 27
98 13 15 1018 0 28
99 14 15 1019 0 28
100 14 15 -100 -100 29
102 13 15 1019 0 29
103 14 15 1010 0 29
105 14 15 994 0 30
107 13 15 1003 0 30
108 14 24 2133 -100 31
109 14 24 -100 0 31
110 14 22 1968 15 31
112 14 14 1214 15 31
113 14 21 1248 17 32
114 14 21 1514 21 -100
115 14 26 1876 26 32
117 14 14 1170 28 32
118 14 21 1435 28 33
119 14 28 1615 32 33
120 14 29 1831 37 33
122 14 27 2045 41 34
123 14 14 1549 42 35
124 13 27 1589 43 -100
125 14 26 1663 45 35
127 14 26 1719 47 35
128 14 26 1782 -100 36
129 14 26 1834 50 36
130 14 26 1888 52 36
132 14 25 1925 53 37
133 14 25 1970 54 -100
134 13 24 2013 55 38
135 13 25 2046 56 38
138 13 21 1586 55 -100
139 13 21 1579 55 40
140 13 20 1577 55 -100
142 14 22 1570 55 40
143 13 24 1567 55 41
144 14 23 1573 55 41
145 14 21 1580 55 42
147 13 21 1580 55 -100
148 13 21 1600 56 43
149 13 18 1613 56 43
150 13 16 1607 56 -100
152 13 17 1588 56 44
153 14 20 1604 56 -100
154 14 21 1626 57 45
155 14 20 1668 58 46
157 13 14 1661 58 -100
158 13 14 1625 57 46
160 13 14 1587 55 46
162 13 14 1573 55 48
163 13 14 1570 55 -100
164 14 14 1566 55 48
165 14 14 1557 54 48
167 14 14 1555 54 49
168 14 14 1563 55 49
169 14 14 1567 55 49
171 14 14 1563 55 50
172 14 14 1559 54 51
173 14 14 1515 53 -100
174 14 14 1486 52 51
176 13 14 1474 52 -100
177 14 14 1471 51 52
178 14 14 1474 51 -100
179 14 14 1465 51 52
181 14 14 1468 51 52
182 14 14 1463 51 53
183 14 14 1376 48 53
184 14 13 1320 46 -100
186 14 14 1307 46 53
187 14 13 904 36 53
188 14 14 856 24 54
189 14 13 841 19 -100
191 14 13 829 19 54
193 14 21 1119 22 54
194 14 20 1342 27 -100
196 14 16 1532 31 55
197 14 18 1171 32 55
198 14 17 1249 34 -100
199 14 13 1247 34 55
201 14 13 1129 31 -100
202 14 14 849 29 55
203 14 15 1072 28 55
206 14 25 1177 32 56
207 14 24 1308 36 56
208 14 25 1425 39 56
209 14 28 1557 42 56
211 14 29 1685 46 57
212 14 29 1815 50 -100
213 14 14 1533 51 57
214 13 20 1470 51 -100
216 14 16 1469 51 57
217 14 14 1455 51 58
218 13 14 1398 49 -100
219 13 20 1366 47 58
221 14 19 1363 48 58
222 14 19 1417 50 58
224 14 14 1375 48 59
226 13 13 1265 45 59
227 14 16 1269 43 59
228 14 19 1245 43 60
229 14 21 1281 45 -100
231 14 23 1329 46 60
232 14 22 1378 48 60
233 14 22 1428 50 60
235 14 22 1475 52 60
236 14 22 1532 54 61
237 14 22 1573 55 61
238 14 21 1609 56 62
240 14 20 1632 57 62
241 14 19 1651 58 62
243 14 17 1642 57 -100
245 14 16 1628 57 63
246 14 16 1607 56 63
247 14 15 1593 56 63
248 14 15 1584 55 64
250 14 14 1577 55 64
251 14 14 1543 54 65
252 14 14 1510 53 65
253 14 14 1478 52 65
255 14 14 1455 51 -100
256 14 13 1421 50 66
257 14 14 1389 48 66
260 14 13 1212 43 66
261 14 13 1188 41 66
262 14 13 999 34 67
263 14 14 818 27 66
265 14 13 764 18 66
266 14 13 754 14 67
267 14 12 764 15 67
269 14 14 924 14 67
270 14 14 851 9 67
271 14 13 754 4 67
272 14 13 736 -100 67
275 14 13 748 0 68
276 14 13 735 0 68
277 14 23 873 1 68
279 14 20 1339 7 68
280 14 20 2033 15 68
281 14 27 1428 18 68
282 14 14 1244 21 68
284 14 21 1646 23 -100
285 14 22 2024 28 69
286 14 14 1035 29 69
287 14 17 1426 29 69
289 14 13 889 29 69
290 14 13 745 25 69
291 14 13 745 19 69
292 14 13 744 16 69
294 14 13 748 9 70
296 14 19 1406 11 69
297 14 18 1212 17 -100
299 14 13 995 18 70
300 14 13 751 19 -100
301 14 13 739 19 70
302 14 13 747 16 -100
304 14 13 727 12 70
305 14 14 754 9 70
306 14 14 767 -100 71
308 14 14 741 2 71
310 14 14 702 0 71
311 14 19 2162 2 71
312 14 16 973 2 -100
314 14 14 1108 3 71
315 14 15 1212 2 72
316 14 16 1257 1 -100
317 14 14 756 0 71
319 14 14 750 0 71
320 14 14 723 0 72
321 14 12 200 0 72
322 14 12 0 0 72
324 15 12 0 0 72
325 15 16 0 0 72
326 15 16 0 0 72
327 15 16 0 0 72
331 15 16 0 0 72
332 15 15 0 0 72
333 15 16 0 0 72
335 15 16 0 0 -100
336 15 16 0 0 72
337 15 16 0 0 72
338 15 12 0 0 -100
340 15 12 0 0 72
341 15 12 0 0 72
342 15 16 0 0 71
343 15 16 0 0 71
345 15 16 0 0 71
778 15 16 0 0 -100
783 15 16 0 0 65
784 15 16 0 0 65
786 15 16 0 0 65
787 15 16 0 0 65
789 15 16 0 0 65
790 15 16 0 0 65
791 15 16 939 0 65
792 15 13 879 0 65
794 15 13 773 0 65
795 15 13 766 0 -100
796 15 13 740 0 65
797 15 13 739 0 -100
799 16 13 768 0 65
800 16 13 755 0 65
801 16 16 1414 0 64
803 16 14 884 2 -100
804 16 16 1106 6 64
805 16 14 872 7 64
806 17 18 1338 10 64
808 16 14 1402 11 64
809 16 16 1034 14 63
810 17 17 1335 18 64
811 17 14 992 20 -100
813 17 13 785 20 63
814 17 13 747 16 -100
815 17 13 761 16 64
816 17 16 968 16 64
818 17 20 1450 20 64
819 17 21 1804 25 64
820 17 13 1023 26 -100
821 17 16 1279 25 64
823 17 17 1338 27 -100
824 17 16 1404 28 64
825 17 15 1439 29 -100
827 17 14 1423 29 64
828 17 14 1371 27 65
829 17 17 1323 27 65
830 17 17 1421 28 65
832 17 14 1519 31 -100
833 17 13 1126 30 65
834 17 15 1098 30 66
835 17 15 1111 30 66
837 17 16 1131 31 66
838 17 16 1162 32 -100
839 17 13 1147 32 67
840 17 13 858 27 66
842 17 13 754 19 66
844 17 13 728 11 67
845 17 13 748 10 67
