586.277629
1340.327654
877.246952
975.158116
812.330671
1355.205748
1244.02732
1566.728616
1388.45681
1310.219022
850.340712
1614.938338
599.30166
630.002423
656.69817
556.798224
1447.597091
1593.369371
1485.526823
1440.905471
825.525091
1702.429932
1261.963032
1500.931535
1434.347726
792.194724
1002.432326
1298.157327
935.186051
902.723028
682.799977
1070.903234
1514.361815
526.135676
1125.638481
1556.24101
730.02571
897.128967
816.704912
1712.365588
1527.063271
655.658924
1135.178709
1460.508225
1592.049563
1526.62701
1200.076426
1069.389187
1095.101951
1508.910284
1250.131382
1734.559693
605.456738
1525.065533
1367.456426
1489.221533
1512.597893
1376.760447
1119.549811
798.773651
808.907437
1046.550057
1436.834588
1693.740886
553.796769
1602.24529
1039.012116
1060.068331
1530.036416
1636.901153
1636.128889
1501.076997
1142.211116
1678.701731
579.432024
1078.102758
1655.047514
1149.05981
894.202412
1203.624914
1132.736022
1471.753247
1207.725294
541.180074
1622.588673
761.085605
1606.509745
607.158223
972.001069
1544.965777
855.664548
717.184806
1698.42458
1131.707141
630.544678
972.806065
1664.959297
723.866538
692.241104
658.000194
1651.031354
1634.851673
1818.583973
1650.715324
1714.443369
1606.64088
1485.012853
1378.079265
1716.548267
