23.104416
51.126788
86.81169
27.145322
86.544447
27.032464
24.53303
25.226744
28.649466
62.125765
42.522851
48.71189
53.801048
82.828981
74.843662
26.59045
22.647579
24.669176
26.380169
32.949422
81.53891
25.786684
22.62672
28.209892
24.004004
24.064831
29.946089
24.288392
23.442943
26.342072
45.259676
82.757698
24.596619
23.663004
26.016815
24.403681
23.935188
25.15672
23.974832
41.997711
36.44962
26.278077
26.235042
39.157055
25.571504
24.892284
23.761914
28.874478
38.571969
28.702279
58.524059
23.303812
24.456617
32.06038
30.123038
25.926789
25.378409
26.869742
50.778206
79.557191
24.140234
25.900636
24.031915
30.222313
23.618032
24.818047
80.359629
28.864267
45.512701
67.689966
22.88419
23.804609
25.843175
24.224865
23.319827
25.711402
24.780815
28.434218
25.535231
53.809813
44.700814
25.044484
24.535132
23.42225
24.157492
38.529151
25.196539
24.815817
56.070493
79.277739
23.15301
23.546424
30.810069
25.280032
36.111875
24.883804
26.52499
23.444048
46.603566
78.187493
22.616481
25.685094
31.163854
27.35066
27.783671
32.441674
31.804639
64.396705
24.47136
23.294568
25.399573
23.692756
24.216647
25.477219
26.39162
27.861884
24.089628
24.487097
80.401497
28.976453
28.455114
51.386121
26.119821
24.542873
25.578836
25.671475
22.979505
26.121382
59.039275
30.71906
27.271738
23.996822
25.740605
26.514255
43.602221
27.161478
34.765766
23.920774
70.886522
35.169743
24.461126
26.981006
25.752544
28.293256
30.244915
24.146229
24.758465
25.284574
34.881232
88.101471
24.815757
30.664328
22.889449
23.935599
31.498931
25.693859
24.865041
51.398391
85.724666
23.563642
29.699923
23.265746
28.707733
38.606229
25.043273
29.889139
25.061246
22.856875
81.698621
24.302301
45.415583
43.629129
31.203499
30.876768
48.710341
25.147701
40.814406
64.359226
23.142854
71.818147
23.175659
32.695189
34.296642
32.893931
25.811015
24.965651
23.629709
34.424718
32.22191
82.914973
29.142837
24.734287
28.503993
29.205015
36.408666
71.469747
26.706701
26.580902
24.481251
43.29742
26.554185
24.749892
31.774125
25.088531
26.265358
94.431068
23.547098
24.947414
25.027777
36.895998
25.025361
29.673064
25.568687
100.884312
24.349965
38.398443
25.573455
27.356895
27.171564
32.199414
37.996747
32.000928
39.482557
30.760221
83.134525
26.938412
32.577641
23.895256
29.257437
29.584809
27.309733
23.928237
