1470.070376
1648.209935
511.367317
1567.069464
804.596451
1233.161679
803.304304
1261.520634
840.408032
998.515995
593.006067
1309.390119
1356.914091
1387.583017
1099.813325
1621.628755
1337.216749
1348.207381
605.811657
948.021131
882.073462
832.151939
1631.6069
817.239529
1533.584505
562.653851
648.119516
1637.623051
1148.37836
795.842512
1346.134066
1452.040773
1208.441587
1433.239475
1366.193312
1613.887051
1568.617783
1640.939513
1463.413796
1373.853168
626.722859
738.240984
1603.252117
1591.996489
1075.197474
1125.180172
1387.560772
1001.646369
896.399938
808.941175
1635.6561
1399.903807
1200.442679
615.858414
942.686141
1138.478697
1571.324742
838.538045
833.119158
908.252004
688.436417
586.881972
821.035632
842.826511
1383.73848
1270.870252
1650.61903
1394.822973
831.502519
1070.773625
1432.103416
817.866972
1088.197871
614.142846
1061.862256
978.951328
1496.176268
1499.534886
1418.080871
1378.006285
1571.675918
1018.309628
586.681888
882.836777
719.23987
1220.326047
1270.193086
1706.08091
548.745236
893.428797
842.558217
1037.979322
1638.865128
1194.842254
1078.509258
1168.14107
1525.325765
880.267423
891.248238
1590.961824
759.789847
494.908525
1232.865997
1335.568793
669.018074
1243.729049
1246.671872
734.732741
1403.796084
774.60878
875.899985
895.114936
906.214237
579.041164
1800.031482
1149.25965
1226.490857
526.157848
838.498361
1492.437352
873.292163
948.444471
1136.233119
817.272837
539.496994
770.357725
770.780935
1319.329059
1058.504764
1656.409595
1419.381278
746.879512
1510.131365
1321.212377
763.005991
1647.403319
1524.273506
1325.766252
882.390078
1665.180913
810.012119
781.990392
540.558224
1479.740209
1394.873747
1688.017667
633.047595
1682.236334
1669.429243
1030.912482
553.706044
1704.877761
766.841697
1592.522078
1002.316842
1690.599418
760.856545
1006.521516
965.72884
1241.044477
514.823556
680.842696
821.553258
1325.29968
713.853252
1610.683154
579.499675
601.902676
1636.963915
1284.132969
825.914612
861.572177
1356.497762
1064.527902
645.171605
697.007412
952.405017
1582.994377
1547.423724
945.367706
1477.40755
1293.100673
851.572317
1398.637182
1077.308517
1138.001734
1492.016209
1156.448446
1330.576994
753.270423
1702.1937
709.356535
1751.091067
905.697236
992.288994
1484.548464
867.308465
1513.273465
1271.358014
1668.88998
687.330685
625.677239
1543.075932
948.879401
1714.212005
728.609448
736.980925
1527.515166
1097.671149
1149.972102
1495.212417
779.364857
933.098777
944.663583
