14 367
15 1659
-57 2038
38 1570
-12 1454
-8 972
14 405
-32 1311
23 1376
15 827
-21 601
5 327
0 376
20 1933
-19 1302
4 1083
22 1100
-39 549
5 351
24 1650
14 938
-37 557
4 559
13 348
-32 1211
39 1486
13 1343
-32 887
6 557
-3 444
-16 869
2 919
20 486
0 369
-4 289
-1 199
-21 1409
-5 1715
8 1281
28 1255
-7 1001
6 382
-14 402
13 782
-4 713
-7 665
1 406
1 563
-4 1825
50 1650
-68 1494
22 1231
13 1069
-3 558
8 1176
-49 1344
43 1196
-14 994
17 680
-44 929
33 1932
6 1538
-2 1394
2 700
-35 421
18 1054
27 1165
-12 1247
-2 1155
-2 690
39 982
-58 2399
7 1686
20 1411
3 1105
-32 1054
3 982
18 1140
-32 1099
24 1003
38 938
-60 965
17 1310
15 1833
-3 1108
-14 960
11 849
0 579
1 444
-19 1041
15 755
7 733
-3 608
2 286
-22 880
17 1870
-3 1029
0 784
5 626
-27 354
24 417
20 621
-23 499
-15 421
28 401
-4 278
-26 1170
29 2368
-9 1183
3 902
9 647
-15 335
15 577
-1 1481
-7 874
10 705
-13 355
2 248
-9 2181
-3 1564
14 1477
-13 994
20 411
-17 399
1 1129
26 956
-19 655
-13 424
27 338
-14 274
1 2001
11 1788
-19 1754
19 1324
-14 781
-2 857
-24 1723
19 1144
26 706
-15 503
-2 354
-33 1933
43 1671
-24 1201
24 953
8 881
-27 724
7 750
-7 1434
13 825
6 740
-6 542
15 595
4 1306
11 1946
-42 1394
7 995
3 668
-4 333
-73 1260
60 2357
17 1776
-17 1444
9 1026
-27 543
0 1719
33 1281
2 1195
-4 1039
1 645
-34 1092
43 1908
8 1305
-1 1001
-25 613
6 542
11 778
29 2301
-1 1538
-57 1703
56 1466
-13 1328
12 1196
-34 1223
16 1367
29 1136
-24 1112
4 915
-41 1235
39 1431
-15 1264
0 1571
7 1581
-68 1700
44 1416
30 1422
-11 1267
13 1214
10 1145
-50 913
35 642
8 896
-25 1340
-14 1688
35 1659
-27 1675
-5 1756
16 1997
20 1957
-16 2007
-5 1995
1 1976
0 1961
22 1846
-8 1709
5 1721
-43 1787
62 1973
-43 1830
24 951
-23 258
5 240
1 193
-9 330
31 1455
10 1016
-35 1696
11 2235
-11 2321
37 2140
-52 2047
51 2122
-10 2101
-21 2059
40 2084
-32 2151
37 2399
-30 2283
38 2325
-26 2271
10 2174
-36 1691
-2 808
0 461
-16 507
24 413
-6 801
-29 1275
10 999
26 1051
-8 950
35 1215
-53 1436
35 1191
-48 1506
68 969
-37 732
4 435
-23 528
-7 1324
57 1448
-74 1928
49 1737
-18 1427
-9 1634
19 1559
-5 2174
-22 2013
35 1945
9 1312
-12 746
-13 1653
-22 1538
44 1169
6 1097
-21 961
21 716
21 1699
-33 1235
-10 994
8 1002
-22 765
44 1327
-71 2084
23 1500
34 1362
-19 779
22 822
-12 851
-8 846
20 729
0 663
-36 806
64 1833
-100 2223
70 1924
-25 2261
-26 1877
30 1963
25 1961
-24 807
0 728
6 620
-7 641
-4 722
4 948
9 1012
40 849
-16 1012
-25 1053
-27 1088
30 1221
17 1493
-30 1233
7 1216
10 1593
-64 1462
108 1523
-50 1383
-39 1351
31 1669
-3 1650
11 1759
-17 1570
44 1199
-48 992
-14 1353
51 1989
-29 2161
28 1998
-9 1934
-21 2015
81 2290
-40 2038
-19 1554
-26 1764
47 2018
-35 2042
-36 1810
27 1786
-31 1892
34 1886
-25 1738
61 1529
7 1772
-26 1810
-32 2049
99 1550
-44 870
-38 589
-12 693
16 815
7 1018
17 1295
-26 1610
9 1547
-9 1507
-14 1160
32 768
-20 796
29 1828
-11 2027
-4 1516
-8 1827
24 1853
-29 1702
39 1881
-32 1853
38 1939
-26 1895
-30 1692
0 1879
37 1723
-15 1713
-10 1782
18 1768
13 1785
-59 1187
39 809
3 707
-7 497
12 628
-17 1183
19 1087
-10 1004
1 992
-8 682
9 568
68 1690
-54 1131
-41 1025
31 792
6 756
-7 699
3 720
12 736
-31 710
9 640
31 518
-21 1074
-38 1721
16 2038
34 1765
46 2061
-59 2057
4 2292
0 1493
-8 599
-3 631
-9 630
23 580
-11 1921
18 1541
-17 1492
-20 1430
41 1717
-21 2035
20 1990
-33 1816
-19 1863
12 2079
41 2113
-77 1913
85 2058
-74 1607
-8 1699
45 1083
-8 591
14 666
0 1016
-16 854
21 746
-9 753
-7 656
25 904
-41 1246
1 1426
-4 1601
1 1665
52 1806
-19 1715
-55 1785
72 1531
-72 1821
45 1781
18 1941
-8 1608
13 1419
0 1627
11 1763
-18 1763
-17 1467
-7 1332
21 1378
-24 1535
29 1138
-28 612
2 975
14 1461
-13 1306
22 1283
0 1295
29 1309
-26 935
-26 905
14 1010
18 1496
-37 1589
34 1739
-49 1839
66 1551
-91 1351
80 1364
-36 1321
18 1308
-27 1386
28 1818
-28 1805
30 1438
8 1206
-17 704
1 1429
9 1340
-5 1267
1 1246
23 938
-32 680
5 1409
-8 1190
19 1141
-20 1341
22 1179
19 1043
-40 1651
4 1289
31 1158
7 1118
-21 970
-10 964
31 869
-18 909
5 800
11 589
-1 676
-15 1177
-8 1757
4 1849
15 1519
-28 1617
14 1680
-19 1533
13 1744
5 953
-27 656
0 709
16 1072
7 1868
11 1928
24 1698
-60 1923
48 1843
-4 1919
-47 1967
53 2118
8 2054
-41 1885
0 1912
-10 1884
-48 2221
69 2142
18 1888
8 1892
-11 1058
-10 603
6 693
-14 554
7 811
24 966
-18 1139
-3 1129
6 1551
8 1115
-44 1329
77 1398
-108 1367
4 1386
55 1314
-1 1287
2 1325
-10 1275
2 1213
-6 1347
15 1355
3 1044
-4 595
-7 537
6 359
0 483
13 903
-18 806
0 855
36 840
-37 986
28 1709
-52 1286
20 1154
13 1518
-37 1609
37 1649
-3 1376
-7 1676
-12 775
-2 552
16 621
18 748
-18 1658
-17 1716
23 1573
-28 1593
9 1613
7 1807
-48 1770
4 1745
56 1653
-44 1693
70 1864
-15 1959
-2 1576
4 1630
-11 1764
-30 1950
28 1661
27 1897
-33 1634
12 1586
-43 1587
12 1305
36 1126
-34 1513
67 1859
-25 1162
-27 1338
8 1337
18 1065
-49 986
23 1091
-2 933
47 1252
-48 1009
-27 1246
65 1538
-51 1441
20 1252
57 1195
-79 999
37 1056
8 1076
-72 949
68 1029
-11 1236
3 1020
-18 937
-4 1387
35 770
-7 1156
1 1389
-28 1037
25 1322
1 1083
-1 966
0 983
-34 731
58 1003
-64 1021
31 1170
-27 890
41 1105
-20 1041
50 908
-55 1113
15 1102
-4 829
7 767
-13 656
11 519
3 693
-28 1164
4 590
4 616
50 751
-77 558
45 688
2 807
15 871
-52 837
24 968
29 860
-63 914
45 825
-9 697
-22 682
20 647
25 806
-38 1046
7 976
2 899
5 719
-4 609
3 874
-61 1371
71 887
-35 547
26 562
2 802
7 636
-28 703
5 614
-6 649
27 553
-24 575
-9 650
34 1232
13 679
-11 588
-13 492
10 336
29 962
-57 1280
14 1053
9 979
-17 818
5 606
71 1481
-54 1029
-28 678
12 486
6 454
-7 407
9 1103
16 972
-36 1012
0 751
0 495
-5 706
10 1871
-9 1550
21 1507
12 1159
-25 1014
30 888
-22 796
-2 684
32 766
-48 607
16 589
53 1255
-58 1462
12 1328
-1 1492
-5 1503
-14 1569
39 1485
6 1460
-40 1202
-10 1232
-28 1075
89 583
-27 874
-17 1823
26 1769
8 1588
-29 1821
-32 1885
33 2124
-1 2104
1 2142
3 2033
-16 2118
-19 2157
12 2215
42 2065
-62 2038
41 1907
-21 1805
9 1779
13 1715
-9 1536
5 1085
9 387
-33 523
33 879
1 1161
-26 1330
-14 1384
42 1981
20 2218
-52 2046
42 2063
-47 2018
54 2064
14 1926
-37 1656
-16 1983
48 1841
-3 1855
-11 1883
39 1882
-64 2055
54 1901
-79 1757
28 565
3 435
6 515
-33 807
25 1063
-41 1278
27 873
-2 937
4 1160
12 1458
10 1317
-17 1067
40 987
0 1033
-50 1045
33 1018
-8 1328
26 1516
-28 1959
-1 2096
-17 1831
6 2067
18 2110
23 1779
-42 1726
5 1808
3 1079
18 750
-38 1368
10 1218
23 763
-16 780
3 536
26 572
-53 1124
28 828
11 752
-9 747
4 526
-18 694
53 1722
-27 1028
-41 805
33 578
-12 534
-14 568
42 575
-35 570
18 503
-33 670
13 2231
21 2182
-68 1953
14 2086
-24 2236
-29 2217
31 2343
6 2232
68 1521
-10 747
0 636
0 586
-1 577
-25 1723
72 1827
-30 1792
-32 1901
42 2183
-58 2009
47 1935
-100 1862
75 1860
5 1888
-15 1945
11 1966
15 1888
17 1859
-71 1815
7 1862
27 1771
21 1656
-21 1054
15 556
-19 539
7 507
16 445
-27 1141
-1 1772
-17 1310
12 1547
48 1635
22 2236
-41 1897
-7 1874
-1 1612
37 1981
1 2283
-34 2145
-2 1915
-20 1791
38 1747
-24 1685
17 1586
-40 2001
-25 2106
42 1859
2 1795
13 1303
9 612
-42 831
-21 1799
40 1807
-22 1847
59 1655
-36 2012
5 1717
25 913
-37 817
-23 1619
56 1696
12 1622
-35 1675
-11 1799
16 1550
28 1336
-76 1384
28 1845
-38 1715
45 1708
30 1698
31 1561
-36 1576
-38 1576
-3 1427
25 895
0 594
9 596
-7 488
-2 614
-2 778
-8 692
14 560
0 754
2 514
-26 751
44 2024
-40 1402
48 1049
-21 922
-1 917
-20 841
24 820
-11 926
19 839
-21 712
23 1151
-21 2071
30 2082
-61 2317
33 2356
-10 2315
21 1731
-10 1237
25 669
-23 518
-15 476
11 562
-10 523
20 1463
-6 1467
29 1274
-17 1213
-23 1873
10 1470
20 1620
-47 1845
55 1824
-9 1900
-6 1921
37 1699
-47 2028
-34 1715
18 1662
-1 1025
6 652
0 611
19 686
-19 605
1 624
6 575
-8 522
9 604
13 1608
-41 1834
-11 1591
41 1665
-10 1708
36 1769
-29 1637
34 1574
-40 1781
39 1319
-42 1456
47 1420
-23 1605
-1 1763
-21 1869
36 2080
-15 1837
-10 2268
-29 1677
15 933
4 778
7 693
-5 713
-21 1293
25 2246
-2 1745
-32 1453
33 1634
28 1028
-28 713
-6 639
10 599
-3 517
-5 740
-12 766
8 1176
