-21 377
41 847
-9 1047
-18 892
13 706
-15 955
12 814
-3 1074
0 1098
-2 911
-37 838
28 751
2 405
2 278
4 818
7 1388
-21 1188
-21 921
21 551
6 376
0 309
0 236
1 186
1 143
11 1046
-16 1066
-15 883
16 757
7 359
3 1409
-22 1444
-5 1423
15 1124
15 603
-34 1017
18 1124
13 1328
-18 1429
0 630
5 374
6 381
-20 341
36 552
-18 1894
-12 2068
19 2049
-21 2056
15 634
-11 639
9 430
2 351
-9 322
8 281
3 245
-12 197
-11 567
17 1130
-17 1028
25 879
20 1303
-56 774
16 872
26 981
4 1625
-19 880
1 353
-7 283
11 301
-3 249
0 202
4 1073
7 1230
-6 1150
-11 1025
7 925
-2 421
0 321
-3 302
8 195
-1 291
7 290
-9 1281
8 1157
-17 1290
23 1339
2 1149
-35 980
17 1442
-1 1063
3 1215
9 1654
-16 1894
8 2284
-8 2180
11 560
-2 568
6 525
-8 426
-7 1350
-2 1958
14 2037
6 1838
-5 1298
1 773
-11 528
10 454
1 470
-9 360
8 364
0 355
-6 352
9 1100
-11 1059
11 878
0 927
-5 932
-1 818
20 1440
-22 1331
-17 1150
13 734
0 482
8 419
-9 312
0 245
3 686
-11 932
7 757
38 797
-28 735
3 447
-2 345
0 301
-3 223
0 179
5 153
-1 174
-1 163
6 950
1 1308
13 1135
-26 975
17 955
1 734
-34 663
25 432
16 491
-19 902
14 1076
-24 1323
12 640
2 205
-12 322
18 1163
10 1915
4 1777
2 1672
-11 1447
-9 285
-8 452
18 840
1 728
-16 683
3 420
2 238
2 174
-2 1103
16 1250
10 1247
-40 1378
-3 1600
14 488
5 703
3 738
-13 598
12 569
-3 436
4 189
-3 171
11 666
-37 1042
19 769
12 961
-13 1046
-8 811
6 683
20 829
-11 930
-8 657
30 841
-26 951
7 899
-1 444
-3 265
13 1422
5 1088
-13 794
0 589
-10 499
0 296
0 1109
-1 1186
28 1076
-19 1011
-6 425
3 386
-4 270
22 521
-3 1677
-12 1426
1 1240
7 1497
-10 1640
-10 936
19 698
-8 485
0 544
1 397
2 398
-5 422
3 294
-1 224
3 222
2 234
-4 241
2 225
-5 191
6 169
-2 158
-3 150
4 150
0 135
-5 113
2 125
0 123
-3 497
11 589
16 2614
-11 2579
0 2185
-25 1564
3 1254
-9 827
18 521
3 367
-8 468
4 219
2 314
1 213
21 1288
-30 1619
27 1233
-41 1597
8 2091
20 1376
-17 2301
20 1938
-48 1729
27 1707
8 792
4 634
-10 677
7 463
0 369
4 1381
-25 1411
10 1179
-10 1014
6 941
7 572
4 346
0 261
-5 226
0 789
-8 1419
-4 999
6 808
18 1032
9 1543
-23 1161
-5 1256
8 1194
18 910
9 1169
-41 1422
11 1451
1 640
7 364
-9 295
1 254
1 216
0 475
-7 1584
-14 1676
23 1280
13 1116
-1 625
-12 760
2 571
-7 557
16 377
-8 460
-1 320
0 334
-6 306
12 1650
-2 1402
-15 656
12 1847
-17 1472
12 932
3 1366
27 1748
-28 1887
2 652
-2 438
-7 430
9 443
-10 498
-18 772
34 1854
-18 1615
17 1342
-12 1030
-9 549
3 644
-6 768
15 646
1 374
-24 481
41 1553
-40 1443
3 1250
14 825
5 1577
18 1554
-44 1408
22 957
-20 1506
7 1918
-21 2327
-1 2763
36 1423
-2 557
-7 476
6 319
-3 393
-13 1785
14 2236
-39 2605
10 2865
30 1411
-4 993
-4 683
5 437
3 448
3 288
-1 387
-3 293
2 281
12 441
-6 2185
-3 1875
15 1321
-43 1264
25 1323
10 649
-12 1829
22 2075
16 2627
-37 1961
9 558
-7 770
-3 575
4 450
1 1664
22 1267
-7 1287
-17 1182
-4 1203
-2 666
12 539
-10 698
23 1027
-28 1020
12 584
0 262
-2 339
22 2203
-30 2493
8 1671
14 1091
-13 986
-2 799
11 602
-37 1101
10 2150
15 2068
6 1955
-2 807
0 396
-10 398
40 921
-57 1848
26 1455
12 1760
-26 2112
13 2296
1 673
7 692
2 1497
-11 1108
3 985
-1 668
0 382
2 399
-15 1600
28 2920
-39 2694
-3 2469
37 1949
-8 874
14 1888
-41 1620
13 1449
32 1919
-22 1443
6 405
-5 335
15 361
2 1634
-20 1757
30 1985
-7 1800
-26 1200
-1 1195
0 761
-16 1043
40 1091
10 1146
-33 1173
21 1083
-16 874
2 625
-1 1004
-20 1246
28 1119
-13 1149
17 978
-17 854
6 499
22 2016
-3 1527
-11 1091
-7 566
-3 418
4 304
0 272
-17 1211
36 1701
-26 2132
-2 1844
6 1322
-23 1350
29 1334
2 986
0 578
-1 435
-2 358
0 369
-4 355
7 293
-11 454
4 484
3 634
6 621
2 557
4 496
-7 459
-2 400
7 398
-6 329
-10 397
-5 269
19 252
-2 195
-3 156
5 1043
-6 968
15 1094
-4 959
-10 877
-3 1092
-5 1084
16 1059
-16 1164
0 1088
11 1183
3 1128
-44 1106
38 1345
23 1355
-30 1336
-10 1475
17 1403
-3 1478
-14 1371
24 1446
-14 1433
-23 1475
32 1646
-32 1455
22 1385
6 1494
4 1314
-23 1549
-22 1533
43 1593
-15 1161
-1 922
-2 1030
0 1018
-6 1108
17 1055
-16 1176
16 1016
-26 1234
19 1135
2 1063
-1 1019
2 1111
-11 1245
5 1153
-2 789
5 660
-5 468
1 498
-8 412
9 388
0 388
-3 310
6 252
-9 279
2 304
-3 361
1 576
-1 907
0 1008
9 1190
1 1389
7 1377
-28 1478
0 1442
19 1372
30 1527
-41 1637
14 1621
4 1419
-23 1443
11 1618
-10 1578
0 1606
-2 1247
2 1125
3 726
13 501
-8 496
6 752
-18 1065
6 1127
4 956
4 729
-4 467
0 345
0 544
19 587
-2 564
-8 574
7 487
-9 529
0 571
0 587
3 417
-2 535
4 476
-3 356
5 340
-2 204
-5 435
7 546
-6 761
4 879
-13 939
4 987
4 919
3 906
5 680
-12 432
9 371
6 356
-18 339
7 405
2 459
-6 425
4 481
5 710
-8 676
-3 686
30 643
-28 633
6 584
3 608
-7 606
8 666
-9 648
11 637
3 646
-16 739
-9 708
15 634
-13 626
-1 661
19 547
0 660
0 659
-8 655
9 621
-12 659
19 656
-4 722
5 711
-14 621
9 666
4 655
-6 587
-1 616
8 666
-18 672
13 667
0 651
-1 784
-2 747
-4 745
-9 729
24 671
6 660
-39 856
24 886
-2 994
-7 1007
14 836
-4 679
-3 694
12 831
-13 775
13 780
-11 886
5 727
2 598
9 774
-16 1003
-2 960
17 1030
-13 832
8 860
-25 1058
23 763
7 774
-21 937
22 830
1 926
-20 897
4 792
4 722
-5 652
6 714
6 620
-14 692
-7 926
11 829
0 506
3 432
-4 492
0 531
5 377
1 429
-12 358
-2 375
1 441
0 796
-14 722
20 765
-3 894
-9 771
17 1063
-7 974
-3 701
8 650
-1 553
9 852
2 1063
-24 967
7 585
-8 576
-8 885
16 963
3 914
-5 604
5 471
-2 304
9 400
-13 593
14 646
-10 581
4 580
4 517
-5 533
-19 645
25 830
16 995
-18 1090
6 867
-12 687
5 564
-1 453
-17 736
19 775
10 718
-14 558
-3 794
5 623
0 458
-7 692
22 764
-18 885
-1 816
-3 823
8 538
0 605
-4 704
2 614
0 454
-7 492
6 387
-5 323
-11 830
18 820
7 787
-12 809
10 572
-9 312
6 197
-3 149
-4 120
8 101
-5 78
1 73
-1 75
1 102
3 223
3 506
-11 634
3 599
-1 612
13 581
-8 542
0 358
-2 213
-4 189
4 162
6 130
-8 98
2 89
3 75
5 463
8 821
-8 879
-19 1003
13 744
-2 645
-5 526
0 570
-2 351
1 234
3 214
4 195
-2 187
2 163
1 669
-12 1715
15 2111
-17 2112
11 1787
-2 1084
-5 576
4 510
-3 416
4 295
9 377
-16 490
13 762
-15 802
8 672
14 830
-24 1013
1 1035
32 1151
-12 1374
-22 1561
15 1607
-3 1907
20 1724
-20 1884
-7 1657
8 1825
-1 1790
-34 1856
29 1645
13 1526
-31 1352
23 1563
12 896
-15 650
6 527
-9 598
6 1131
-8 1579
-4 1874
24 1753
-16 563
0 396
1 439
-8 494
13 493
6 960
-26 1067
31 1256
-26 1745
21 1175
14 1422
-22 620
-5 269
7 307
-2 255
-5 237
14 259
-4 432
8 725
-5 1546
14 2018
5 1802
-25 1906
-11 1199
13 547
-3 480
2 449
-9 352
15 295
-9 293
-5 234
14 746
-19 911
32 1017
-29 983
-16 980
24 971
-12 930
2 893
22 841
-5 505
-14 394
10 317
0 237
-1 258
7 274
5 582
5 1133
-15 1137
-5 1362
10 1258
-13 1201
5 701
1 376
-9 406
17 401
-8 337
0 349
0 269
0 259
-3 561
-27 1102
24 1318
27 1437
-11 1382
19 2074
-41 2016
-11 2189
9 1786
11 1448
-13 1526
19 1583
20 1753
-43 1683
20 1503
-5 1500
18 1636
17 1461
-17 1219
-5 1053
15 1014
-26 1163
27 1385
-10 1463
-9 829
0 580
1 496
-5 438
22 659
-6 725
-35 882
23 966
14 1013
1 1119
-14 1423
0 1429
-5 1306
26 1512
-37 1667
-4 1935
24 1848
-11 1705
3 1654
9 1672
-2 1634
0 1494
23 1718
-13 1478
-15 1536
30 1484
-78 1792
1 1465
25 1800
40 2046
-33 1726
21 1535
-18 1823
29 1853
-40 1828
-7 2157
35 2338
0 1919
-18 1720
41 2145
-27 2183
-4 1567
5 1412
1 1785
-11 1974
1 1773
19 1748
-25 1397
32 1562
-87 1736
52 2004
6 2219
-5 1561
-26 1557
35 1679
-13 1826
-9 1486
-15 1391
18 1710
-8 1519
4 1320
-4 1589
16 1476
-15 920
-7 494
7 502
5 447
0 371
-7 566
-3 563
13 542
-9 484
14 309
-19 804
14 593
0 654
-3 596
6 687
-28 772
16 598
0 646
-8 634
13 807
8 914
-5 1026
-15 970
