0 12 16 0 0 10
5 12 16 0 0 -100
6 12 16 0 0 10
8 12 16 0 0 10
10 12 29 0 255 -100
12 12 17 0 0 11
13 12 17 0 0 10
14 12 17 0 0 10
15 12 17 0 0 10
17 12 17 0 0 10
18 11 15 1305 0 -100
19 11 15 1132 0 10
20 11 15 1112 0 10
22 12 16 1110 0 11
23 12 16 1107 0 -100
24 12 16 1129 0 10
25 12 16 1134 0 10
27 12 16 1134 0 11
28 12 16 1107 0 -100
29 12 16 1115 0 11
31 12 15 1115 0 11
32 12 16 1116 0 11
33 12 15 1123 0 -100
34 12 16 1127 0 11
36 12 16 1124 0 11
37 12 16 1105 0 -100
38 12 15 1122 0 12
39 13 16 1125 0 11
41 13 16 1115 0 12
42 13 16 1130 0 -100
43 13 16 1122 0 12
44 13 16 1128 0 12
47 13 18 1602 0 13
48 13 23 1044 1 13
49 13 16 1370 3 14
50 13 15 1110 3 -100
52 13 16 1207 2 14
53 13 15 1222 3 15
54 13 18 1213 1 15
56 13 16 1099 1 15
57 13 15 1121 1 -100
59 13 17 1337 1 16
60 13 19 1249 5 17
62 14 18 1417 10 17
63 13 16 1825 13 -100
64 13 17 1216 14 18
65 13 15 1101 15 18
67 13 15 1084 13 18
68 13 16 1087 12 19
69 14 19 1280 12 19
70 14 19 1082 15 19
72 14 20 1267 17 20
73 14 21 1425 20 20
74 14 21 1629 22 20
76 14 26 1892 26 21
77 14 15 1250 26 21
78 14 21 1278 25 22
79 14 23 1303 26 -100
81 14 14 1275 26 23
82 13 15 1107 23 -100
83 13 15 1064 20 23
84 13 15 1054 16 24
87 13 15 1058 3 24
88 13 16 1045 0 25
89 13 16 1071 0 25
91 14 15 1050 0 -100
92 14 15 1035 0 26
93 13 15 1042 0 27
94 14 15 1023 0 27
97 13 15 1032 0 27
98 13 15 1018 0 28
99 14 15 1019 0 29
100 14 15 1018 0 -100
102 13 15 1019 0 29
103 14 15 1010 0 30
105 14 15 994 0 30
107 13 15 1003 0 -100
108 14 24 2133 0 31
109 14 24 1536 7 31
110 14 22 1968 15 31
112 14 14 1214 15 31
113 14 21 1248 17 32
114 14 21 1514 21 32
115 14 26 1876 26 32
117 14 14 1170 28 32
118 14 21 1435 28 33
119 14 28 1615 32 -100
120 14 29 1831 37 34
122 14 27 2045 41 -100
123 14 14 1549 42 34
124 13 27 1589 43 35
125 14 26 1663 45 35
127 14 26 1719 47 35
128 14 26 1782 49 36
129 14 26 1834 50 36
130 14 26 1888 52 36
132 14 25 1925 53 36
133 14 25 1970 54 37
134 13 24 2013 55 38
135 13 25 2046 56 38
138 13 21 1586 55 -100
139 13 21 1579 55 39
140 13 20 1577 55 40
142 14 22 1570 55 41
143 13 24 1567 55 -100
144 14 23 1573 55 41
145 14 21 1580 55 42
147 13 21 1580 55 -100
148 13 21 1600 56 43
149 13 18 1613 56 43
150 13 16 1607 56 43
152 13 17 1588 56 44
153 14 20 1604 56 -100
154 14 21 1626 57 45
155 14 20 1668 58 45
157 13 14 1661 58 46
158 13 14 1625 57 -100
160 13 14 1587 55 46
162 13 14 1573 55 48
163 13 14 1570 55 -100
164 14 14 1566 55 48
165 14 14 1557 54 48
167 14 14 1555 54 49
168 14 14 1563 55 49
169 14 14 1567 55 -100
171 14 14 1563 55 50
172 14 14 1559 54 50
173 14 14 1515 53 51
174 14 14 1486 52 51
176 13 14 1474 52 51
177 14 14 1471 51 52
178 14 14 1474 51 52
179 14 14 1465 51 52
181 14 14 1468 51 53
182 14 14 1463 51 52
183 14 14 -100 -100 53
184 14 13 1320 46 53
186 14 14 1307 46 -100
187 14 13 904 36 53
188 14 14 856 24 -100
189 14 13 841 19 54
191 14 13 829 19 54
193 14 21 1119 22 54
194 14 20 1342 27 55
196 14 16 1532 31 -100
197 14 18 1171 32 55
198 14 17 1249 34 55
199 14 13 1247 34 55
201 14 13 1129 31 -100
202 14 14 849 29 55
203 14 15 1072 28 55
206 14 25 1177 32 56
207 14 24 1308 36 56
208 14 25 1425 39 -100
209 14 28 1557 42 56
211 14 29 1685 46 57
212 14 29 1815 50 57
213 14 14 1533 51 57
214 13 20 1470 51 57
216 14 16 1469 51 57
217 14 14 1455 51 58
218 13 14 1398 49 58
219 13 20 1366 47 58
221 14 19 1363 48 58
222 14 19 1417 50 58
224 14 14 1375 48 59
226 13 13 1265 45 59
227 14 16 1269 43 59
228 14 19 1245 43 60
229 14 21 1281 45 -100
231 14 23 1329 46 60
232 14 22 1378 48 60
233 14 22 1428 50 -100
235 14 22 1475 52 60
236 14 22 1532 54 61
237 14 22 1573 55 -100
238 14 21 1609 56 62
240 14 20 1632 57 62
241 14 19 1651 58 62
243 14 17 1642 57 -100
245 14 16 1628 57 63
246 14 16 1607 56 63
247 14 15 1593 56 63
248 14 15 1584 55 64
250 14 14 1577 55 64
251 14 14 1543 54 65
252 14 14 1510 53 65
253 14 14 1478 52 65
255 14 14 1455 51 -100
256 14 13 1421 50 66
257 14 14 1389 48 66
260 14 13 1212 43 66
261 14 13 1188 41 67
262 14 13 999 -100 -100
263 14 14 818 27 66
265 14 13 764 18 66
266 14 13 754 14 67
267 14 12 764 15 67
269 14 14 924 14 67
270 14 14 851 9 -100
271 14 13 754 4 67
272 14 13 736 2 67
275 14 13 748 0 68
276 14 13 735 0 68
277 14 23 873 1 68
279 14 20 1339 7 68
280 14 20 2033 15 68
281 14 27 1428 18 -100
282 14 14 1244 21 68
284 14 21 1646 23 68
285 14 22 2024 28 69
286 14 14 1035 29 69
287 14 17 1426 29 69
289 14 13 889 29 69
290 14 13 745 25 69
291 14 13 745 19 69
292 14 13 744 16 69
294 14 13 748 9 69
296 14 19 1406 11 70
297 14 18 1212 17 69
299 14 13 995 18 70
300 14 13 751 19 70
301 14 13 739 19 70
302 14 13 747 16 70
304 14 13 727 12 70
305 14 14 754 9 -100
306 14 14 767 7 71
308 14 14 741 2 71
310 14 14 702 0 71
311 14 19 2162 2 71
312 14 16 973 2 71
314 14 14 1108 3 71
315 14 15 1212 2 71
316 14 16 1257 1 72
317 14 14 756 0 71
319 14 14 750 0 72
320 14 14 723 0 72
321 14 12 200 0 -100
322 14 12 0 0 72
324 15 12 0 0 72
