1103.343047
1298.083907
462.094362
1396.588785
744.486024
1681.300365
1243.273285
908.258766
1284.150332
1207.950248
798.476087
1002.35229
1086.939674
1322.892307
1227.915495
548.385546
1480.793656
1074.815997
1475.220699
998.337239
1514.668146
542.673077
1288.212749
1166.825168
1548.476361
1235.005496
1593.235225
1565.328247
1197.574355
574.79726
647.612538
1159.503819
706.089444
1291.568247
1039.964432
1160.530967
1529.128384
1338.991704
1358.591982
748.22848
683.278028
1433.137463
1264.32271
1120.244125
1070.174142
1644.545394
1104.81505
1469.404333
1204.537518
1136.12079
1192.458069
1119.84163
5000.0
5000.0
1541.581415
559.015479
1416.173803
826.44373
901.803662
1155.962591
1516.681886
898.428375
1247.092141
966.524863
1579.27856
921.67526
911.059819
1671.22175
1705.704641
652.284657
997.11947
1134.426729
1287.037574
1489.34689
1554.219477
1413.598298
1189.530089
734.278532
1076.570866
1549.219687
1334.057374
656.070893
937.954383
1486.14487
948.857636
1637.071167
1381.169795
972.644638
1044.293838
615.139767
1627.439985
1134.939642
1739.692406
1137.821349
1324.715605
1222.77781
839.274146
1460.992876
1414.3747
829.208635
1434.897445
792.687357
975.411133
1582.229432
970.12552
1235.486445
1418.469773
695.1531
1428.4885
1005.006369
984.873013
1184.113049
1652.141866
1320.088243
489.837888
1216.380832
1073.179475
1349.35544
973.101453
765.595173
1290.012056
1014.622971
1620.579751
1089.07722
1548.416278
1601.032241
1253.206069
1565.236128
878.247205
1217.145878
1189.890493
745.12049
938.103439
1395.38784
1238.30329
1326.981851
1194.518167
1411.79705
1380.796992
856.074559
1822.701761
1053.901019
1093.973348
1682.809597
1015.025276
1584.201918
770.55328
1480.890581
1208.067695
1265.302295
1279.880443
1512.29729
1390.694967
1434.080076
663.519136
1535.770488
974.813475
1220.936364
1344.093332
1327.011538
573.632132
501.850509
1309.984498
1029.295401
769.381823
768.153063
1531.767703
1733.576084
1124.110459
723.680504
966.241185
986.068285
1150.716013
829.181144
985.451377
626.795012
947.027143
1020.057163
770.713619
1012.454691
854.149929
885.327809
1301.919777
1194.37643
703.059906
1086.02008
1055.334629
1621.007474
1476.987835
707.322468
1161.452695
1013.511301
758.308077
1721.532589
1054.48754
1142.090129
1171.707716
1064.267332
1483.468062
785.971782
1725.615428
524.088327
1102.233364
1206.994419
1051.668417
1696.247799
