1057.390684
670.489792
1197.228742
1544.624308
1286.313428
1434.649377
1662.249309
1503.708795
1217.672457
1203.568256
959.394764
746.909693
885.519748
5000.0
1161.913563
1087.989087
1439.770227
1486.699966
1578.915143
527.851261
1227.483892
1008.918287
947.003371
844.340417
848.434046
496.080156
1288.57829
1856.129718
736.32947
1121.065011
1248.019756
751.026393
740.728678
749.885132
1393.422599
606.724513
1504.302842
1201.58446
1207.144685
924.826945
928.868305
1340.946973
1217.740471
1187.272557
1382.225029
1030.692416
1480.981941
566.025133
1108.348852
1252.996775
663.905687
1284.068224
1273.797997
1313.418602
1164.804476
1014.360851
825.786346
1179.219669
1243.819651
915.667818
1267.191007
785.945169
895.445163
613.790271
715.574495
797.468853
1773.844159
1136.253692
1413.426162
1045.272924
1234.772357
767.315336
1266.446392
938.341115
1307.245117
1370.696497
1378.360165
727.187014
1129.894215
623.168985
1046.220838
534.411434
1396.73883
1385.11061
774.202195
1071.14924
683.861555
1566.287757
1033.221342
1254.475118
1336.672013
1097.346923
1292.719742
1043.983936
1216.429762
826.630526
799.47537
1178.217527
1612.740148
1389.384197
1328.580082
900.997757
952.607671
728.74154
1131.502164
483.622313
1499.891993
1506.2834
1351.01637
969.893989
920.626589
721.359886
714.332722
1415.074304
