33.512937
31.522617
24.355242
25.697481
27.336731
28.960213
25.544026
26.357561
24.182431
24.62236
27.569013
24.038948
23.488834
24.004052
27.492239
23.654446
23.8079
24.212202
23.94902
24.46468
31.639436
24.306257
24.331001
83.886224
48.236521
53.769604
32.276836
24.302681
24.765123
30.272501
25.231991
57.410885
25.498354
26.322665
22.284833
23.166409
25.927099
24.749606
23.172037
28.354996
23.875448
48.067381
25.004738
23.803149
24.796826
23.960204
24.703287
25.420798
23.594277
24.070915
27.625772
24.612424
26.987364
31.576796
26.614094
93.400352
25.371982
24.23463
23.653713
28.706545
29.875255
25.49893
25.234512
28.705309
52.518045
43.303086
24.774734
39.68235
33.441152
50.658296
24.129966
65.176394
36.384589
27.985062
24.033355
27.036216
24.03303
29.764783
28.330611
24.4588
23.397465
26.483438
23.77916
23.965267
28.8825
23.807024
49.063231
22.983169
25.802695
23.979174
24.533906
24.528723
24.210857
24.016314
24.442059
33.189897
35.673666
28.684885
24.083706
44.674101
39.817335
26.212121
54.863537
35.151992
27.397545
32.478781
29.404581
23.216711
24.062729
28.707408
23.124443
26.561834
33.005613
23.995446
25.776631
22.561382
25.454997
23.295958
24.825684
25.216042
25.213714
25.276653
26.086169
26.438607
31.795313
24.587822
41.831367
25.923089
26.302684
26.244219
23.112839
24.835141
29.843189
22.905481
24.438939
53.913442
33.048669
24.42635
24.691873
61.299251
26.450498
24.678158
23.634884
127.769847
43.270913
36.072303
116.771651
49.313042
43.491375
54.446107
32.633087
29.877557
24.581725
27.150442
39.880802
23.193202
45.930395
140.847808
22.645909
25.732747
58.018939
28.05286
24.855611
28.220463
27.493459
34.512947
23.92893
23.486156
35.114719
29.317196
25.16539
26.596621
28.699608
27.121846
28.695468
25.923016
27.816101
31.476798
23.417336
24.241552
24.877452
26.928587
28.072971
24.772176
28.053303
27.899765
25.03279
23.645947
24.748404
23.979845
26.0113
27.007306
23.886978
23.966573
29.283211
22.951884
26.188227
23.4683
23.968409
23.100898
25.40648
28.23815
27.104612
29.429623
44.440471
30.73561
71.248614
27.241676
27.026434
27.889383
24.597001
23.793522
33.728282
26.438953
26.917893
24.264471
33.32367
59.968938
37.128102
25.007878
117.814488
92.346149
109.391404
42.609367
38.065777
41.874119
33.226314
24.220299
23.068534
29.14412
46.174196
30.323724
54.473524
