0 1
0 1
0 1
0 1
0 1
0 1
0 1
0 1
0 1
0 1
0 1
0 8
6 195
1 478
-17 698
19 701
-39 748
56 912
-45 969
25 991
15 1012
-47 1082
44 1036
-51 899
38 845
-20 933
21 939
30 995
-70 1027
25 913
-16 813
49 805
-32 863
-4 1056
20 1045
-33 871
35 618
-1 1037
22 1043
-64 924
24 854
13 885
-20 866
35 772
-27 876
0 754
15 464
-12 405
10 360
-21 317
14 290
-2 355
-8 379
-6 523
19 864
7 681
-15 1584
17 2417
-3 948
18 762
-37 988
6 833
-15 671
32 804
-16 548
-32 537
39 828
-1 572
11 450
-25 644
4 621
4 533
27 633
-32 542
2 955
-35 1339
52 984
2 393
-5 914
-13 1054
3 819
37 551
-43 1132
29 1165
-7 639
-26 664
9 879
22 790
11 531
-8 619
-27 667
35 615
-32 388
43 671
-49 682
13 679
17 686
-5 683
3 602
-23 595
-4 484
4 546
13 913
6 1180
-25 1121
25 442
0 703
13 941
-16 876
-11 838
-7 411
9 776
-5 791
0 785
1 770
1 682
43 823
-60 976
26 1050
10 656
-34 2020
12 2470
8 1511
-3 472
6 280
-10 322
4 333
6 431
-5 380
12 812
-3 961
-34 902
29 1027
16 1058
-52 1025
31 1002
-6 1091
38 968
-44 705
-2 564
25 521
-4 346
-1 268
-14 338
3 386
27 560
-21 429
-19 872
27 1156
11 1060
-17 1348
11 1130
-22 931
21 997
-35 912
34 746
-2 788
-17 776
26 1007
-29 1136
13 751
19 457
-27 843
-17 896
23 873
13 939
-44 1323
42 945
-14 653
12 414
3 342
-21 257
27 313
-15 456
20 777
0 992
-40 1036
27 985
-18 929
-14 1030
30 812
6 718
-35 800
12 681
37 684
-21 541
-4 251
1 207
11 323
-4 483
-19 609
13 485
21 596
-3 662
-22 540
-4 575
19 590
-16 653
22 542
-13 603
4 554
-11 489
9 507
9 547
-21 383
6 379
9 344
-35 513
6 782
16 602
1 924
-22 1609
28 983
-1 633
-6 415
2 354
16 286
-19 320
4 495
15 887
-16 1237
16 682
-6 739
-11 675
-6 348
40 790
-69 838
44 677
-5 595
-62 1133
64 1208
-13 784
16 892
0 837
-6 800
31 802
-24 850
-3 707
-15 676
19 752
0 634
-15 683
23 655
-10 746
-34 1345
16 1132
16 522
-6 876
35 1214
-49 1534
28 1138
12 1580
-25 900
21 592
9 725
-12 1245
-38 1143
8 1059
26 1168
-49 972
53 653
-2 601
-2 584
1 499
-44 503
28 615
-29 592
34 611
-19 931
-1 1635
-1 819
19 1112
22 1207
-29 776
8 878
0 848
-37 600
43 532
2 458
6 496
-12 617
9 859
-1 986
5 824
-34 1318
13 1103
4 890
-30 538
37 466
19 558
-4 690
-14 1111
-23 1104
-20 2084
39 2537
0 2180
7 2321
-11 2049
-15 1139
20 836
19 867
-35 960
42 840
-19 832
-18 666
22 480
-8 555
-45 733
39 1388
4 1158
11 1064
-13 988
-14 1081
47 1557
3 2059
-21 2085
-54 1820
38 963
-1 720
-7 639
0 807
49 1070
-19 1636
19 1546
-66 1808
25 1028
11 1217
-34 1223
22 1090
13 1081
-19 1112
-4 1451
-5 1557
-13 739
40 580
-41 1476
57 1593
-9 924
-50 832
53 1097
-43 1341
42 1174
-7 1802
-37 2014
84 2345
-47 2123
-46 1029
4 1235
50 1800
-55 1623
43 1830
0 776
-10 798
-20 1295
41 1093
13 936
-71 1007
11 910
39 853
-30 758
13 877
12 1186
-16 899
4 737
5 536
-29 511
18 378
27 433
-30 612
-2 683
41 972
-43 819
24 763
-14 630
16 569
-20 609
-3 574
28 523
-16 478
-3 685
-15 803
16 703
-1 475
24 566
-22 769
12 1032
-20 1350
11 1135
-49 1267
59 1303
-2 763
3 733
-22 591
26 746
-28 1048
-7 851
-21 1443
35 1276
7 950
12 512
-32 528
19 471
3 583
-13 545
28 987
-14 1013
-16 851
37 619
-29 441
-1 482
19 488
-7 389
-37 528
43 709
-38 893
25 674
11 773
-28 626
35 700
-12 690
0 825
0 919
-17 1040
50 999
-20 899
-16 751
-13 662
-4 638
19 888
6 559
-40 620
34 935
2 724
-3 666
0 685
-21 712
5 720
1 772
1 568
20 690
-28 646
25 603
-1 493
7 441
-5 570
17 701
-17 883
-2 1106
-29 1084
52 1207
-32 810
18 581
-23 1038
22 1042
-26 556
41 677
-28 823
-3 685
-24 727
25 618
23 639
-30 662
48 725
-56 798
17 868
-17 787
20 645
7 619
-12 584
20 608
-26 603
-11 623
42 621
-43 606
42 799
-10 725
5 782
-18 655
9 694
0 674
13 728
13 683
-58 763
30 693
16 592
-11 484
-7 419
21 455
-28 546
7 576
21 835
-8 782
14 767
-60 711
20 588
27 647
-9 665
-37 667
49 644
14 598
-41 699
30 890
-20 728
12 708
-16 987
20 1115
-10 837
-14 1324
20 1124
1 717
-30 755
-7 913
25 865
3 992
-25 827
22 850
-13 964
40 815
-43 621
-25 473
59 417
1 447
0 707
-38 511
62 849
-22 957
-38 712
14 511
8 484
8 549
-31 588
42 644
-24 704
-8 637
-6 935
28 775
-22 488
-15 800
4 997
30 1016
5 849
12 1085
-30 1124
-1 1099
-10 984
34 878
-26 1070
12 961
-9 961
35 920
-20 815
-17 727
25 600
-29 870
-7 1124
18 757
1 642
2 807
-5 1088
13 1046
9 1130
-23 1210
0 715
-28 727
29 743
17 1018
-27 813
36 1195
-43 1131
23 933
3 699
7 757
-15 735
-16 582
9 790
32 752
-38 568
-13 764
64 1137
-49 853
24 1491
-35 1808
4 1331
7 713
24 1118
-19 788
5 787
-28 585
33 607
-29 581
-11 1138
40 792
-19 1064
16 1222
-3 1281
6 860
0 617
-19 751
-3 811
18 803
6 830
-20 928
-14 1357
49 1892
-38 1098
-1 1346
24 1336
-22 1029
17 659
-14 950
2 978
-13 865
3 660
34 856
-8 742
-21 736
-39 1382
40 1109
-8 1029
7 994
-27 1281
23 1195
34 1028
-1 994
-59 1227
45 929
-20 900
37 1310
-54 1186
49 1204
-15 599
31 945
-30 1272
3 1168
-2 792
-23 1439
40 1238
-32 902
-10 664
32 716
15 762
-21 1207
11 1247
0 952
-58 1040
24 1151
11 910
-4 959
0 1025
12 694
-7 1268
13 1298
-37 826
23 787
28 1102
-39 793
8 609
28 537
-39 647
33 540
-46 1113
58 1330
-40 1040
4 827
37 732
-22 611
-30 993
18 1171
43 861
-44 638
2 712
0 726
4 521
21 439
-44 395
13 580
17 588
3 1127
-14 989
22 799
-6 643
-45 554
29 556
5 547
26 572
-26 389
7 739
-33 848
48 719
-16 547
32 882
-47 959
-5 1113
2 925
29 1870
-16 1725
-10 1561
14 911
10 748
-40 625
37 876
-12 899
15 1160
-49 1511
13 1147
48 637
-41 604
23 566
-15 632
2 595
-21 867
6 1068
-11 1154
52 792
-7 606
4 535
-18 482
-35 596
31 623
-27 849
38 1085
-45 885
30 883
17 923
-9 1050
25 857
-47 1002
11 798
3 1074
-15 945
24 883
-10 885
-8 884
15 974
-12 959
-10 640
39 885
9 908
-41 840
2 654
28 761
-34 818
1 956
28 899
-12 821
11 729
-17 738
-2 562
-5 408
13 431
19 622
0 842
-27 993
17 789
17 835
-55 1468
54 1212
-49 781
-15 1125
52 1174
0 868
16 734
-13 904
-7 831
11 770
-14 710
0 688
-1 933
-15 929
0 896
0 1133
27 813
-23 724
17 795
4 680
-35 771
0 547
6 682
1 700
25 794
5 894
-4 717
-19 818
2 845
14 844
0 832
-16 750
12 876
-17 675
0 631
28 448
-2 498
-27 592
28 862
-17 953
25 893
-11 951
-26 981
39 892
-16 785
-11 618
34 700
-59 675
15 573
66 632
-31 920
-34 981
29 533
-12 867
53 982
-56 1157
36 770
-30 971
19 989
14 762
-3 639
0 499
0 541
-2 497
-14 424
29 712
-33 1036
-14 901
-3 835
4 651
27 452
1 359
-26 334
53 383
-26 1057
-52 1922
45 2249
-53 2017
3 2032
3 2506
29 2261
34 1948
33 1687
-61 1624
21 1700
19 1902
-81 1866
75 1947
-13 1833
4 1810
-29 1239
8 739
-13 782
-2 551
-6 578
4 1203
-10 1363
31 1612
14 1914
36 1923
-49 2093
20 2179
-27 2173
-25 2343
-13 2400
65 2439
-50 2190
16 2195
47 2344
-69 2333
17 2431
15 2569
-28 2736
-5 1605
7 724
4 703
6 654
3 627
1 770
2 1254
-25 1907
81 2790
-75 2865
28 2652
-12 2452
-28 2477
71 2652
-58 2688
68 2721
-69 2785
-1 2870
-7 2862
45 2762
-30 2729
-15 2868
25 2715
68 2988
-83 2767
-32 2826
53 2641
-21 2798
11 2693
-13 3061
35 2963
-49 2530
62 2343
-53 2745
59 2543
-33 2334
3 939
-17 661
8 619
-4 657
14 1096
23 960
-90 1840
62 1863
35 1682
-46 1527
-25 1512
56 1290
-11 1129
2 1285
-21 1329
19 1513
-1 1489
-7 1302
23 977
-34 431
17 474
2 683
-20 1126
22 868
-17 1802
63 2638
-46 3034
7 2759
-3 2567
-26 2589
-21 2515
82 2561
-8 2654
-54 2453
25 2122
52 960
-20 919
4 1025
-59 827
35 631
-5 1176
-23 2222
33 2388
-45 2353
-11 2589
31 1690
28 794
7 846
-30 868
24 1032
1 842
4 826
-6 1784
-39 2447
31 2778
-60 2803
64 2947
4 3216
-5 3575
-25 3158
44 1139
-2 802
-25 651
-11 666
13 667
-3 672
19 505
-21 842
-14 612
2 552
1 449
6 471
22 451
-16 400
14 402
-4 445
-11 446
13 457
6 407
-9 375
23 385
-9 389
-26 303
0 468
9 2181
2 2810
5 1836
-51 1714
10 1929
63 1955
-50 2046
52 2281
-49 2093
26 1836
10 1729
