0 1
0 1
0 1
0 1
-28 374
42 361
1 224
-26 229
20 115
-15 75
6 42
0 37
-3 24
5 24
-4 18
-1 219
3 217
-1 216
-1 251
1 122
2 67
-3 281
8 248
-2 291
-3 173
-1 93
6 67
17 338
-11 292
-8 173
0 127
-2 72
2 54
-1 37
0 33
1 24
0 18
2 497
3 639
-22 528
17 285
-3 148
1 107
0 80
-2 64
2 50
0 36
0 28
3 209
5 327
-6 255
-8 167
1 120
2 76
0 57
2 42
0 29
-1 24
0 185
-4 312
10 287
-5 160
-1 101
1 80
6 382
-19 373
13 250
-3 146
2 80
1 59
-16 329
20 282
-4 239
0 184
0 114
1 88
-1 67
-3 46
0 35
3 26
-4 709
13 746
-11 438
0 233
3 148
0 105
0 71
-1 57
1 53
-6 262
11 687
-1 623
36 666
-40 713
12 517
0 524
-7 635
-23 434
6 490
10 578
-17 365
32 550
-5 633
-13 550
1 451
2 333
3 327
-17 715
10 609
4 590
-3 512
-34 382
22 739
28 517
-14 505
6 523
-9 462
0 361
-8 340
7 503
1 375
-2 510
-6 957
8 797
10 507
3 442
-9 456
-4 480
-12 469
1 503
15 540
-8 498
-4 526
31 754
7 742
-11 578
-20 493
-5 219
2 333
23 520
-28 440
21 364
-27 301
-1 793
24 803
7 716
-20 501
2 430
-1 795
23 788
-41 663
16 530
-2 334
-9 608
27 731
-16 503
-6 379
5 400
-11 454
22 420
3 463
-4 473
-19 474
9 787
12 1281
3 1179
1 878
-23 503
16 410
0 243
-3 226
1 209
6 407
18 588
-29 715
-13 1146
41 823
-14 518
-10 329
0 281
0 284
-14 449
9 579
17 579
-22 442
19 632
-8 533
-6 661
13 646
-33 640
42 681
-58 592
27 645
10 463
35 561
-67 724
26 667
-12 497
27 389
6 276
-11 291
-1 303
-6 368
1 515
0 888
26 1128
-4 794
-13 805
-3 660
8 525
-9 559
-7 574
-2 654
27 624
-2 569
8 439
-58 699
33 822
7 651
9 457
-5 341
3 340
-20 374
0 445
0 433
10 563
-7 590
-17 696
10 665
6 502
1 465
4 549
3 615
0 673
-21 710
31 585
-30 483
1 730
1 751
19 549
9 440
-5 298
-12 282
4 334
15 482
2 515
4 861
-8 777
-7 809
12 660
-24 536
4 488
-17 481
5 442
16 401
-9 415
-3 442
15 542
-13 793
23 788
-4 748
-16 425
7 306
3 313
-14 359
11 574
-3 592
28 753
-13 554
-3 601
-25 587
33 539
-20 666
11 615
-11 698
7 605
-14 586
1 434
-13 436
19 619
9 594
-5 412
-6 345
8 274
11 343
8 468
-3 483
-18 440
-5 976
-8 1094
13 1028
-18 686
18 581
-8 395
12 367
7 344
-20 571
5 472
13 382
-16 555
9 740
-5 603
-12 361
0 371
16 300
12 317
-15 437
-4 498
26 452
-2 672
-4 905
-4 656
-12 469
0 385
10 605
-12 709
-17 640
13 693
-8 585
0 402
31 664
-21 703
39 526
-28 511
6 452
-24 336
13 450
-3 575
0 628
23 762
6 932
-43 889
18 768
11 566
2 474
-11 376
-15 366
17 441
-4 620
0 476
-10 355
27 688
-21 680
0 516
-1 358
15 267
2 278
0 316
-14 374
3 417
-15 668
26 670
-15 866
3 597
-4 509
22 644
-11 786
4 767
-23 702
18 717
5 428
-24 497
-2 712
25 627
-13 476
18 316
-8 256
-6 246
13 350
-19 468
-5 606
-2 727
8 1048
11 822
24 881
-40 657
11 519
5 587
12 633
-6 769
9 754
-20 599
-25 452
36 621
2 707
8 505
-24 348
-4 287
7 303
-11 396
-11 490
24 521
10 807
-4 688
-5 775
5 639
1 500
4 558
-25 731
10 753
8 762
-15 636
0 394
29 667
-54 1009
18 793
9 602
4 499
-9 350
11 401
20 463
-9 476
-15 444
-23 793
43 1083
-4 948
-4 626
0 527
-5 391
-16 474
43 626
-24 594
-6 390
9 433
-35 624
24 686
-2 580
-18 418
31 383
-22 382
-6 640
21 663
-7 656
-14 606
36 548
-40 735
7 759
20 540
-15 518
13 597
1 704
10 717
-2 641
-8 503
-14 428
63 751
-45 692
23 516
-31 378
-1 367
1 381
-8 471
17 537
3 518
0 452
10 787
-7 931
0 782
21 623
-12 507
8 428
-4 423
-8 531
-13 617
-5 430
20 415
-19 683
-8 719
36 512
2 379
-21 383
10 309
-8 399
0 428
-8 452
13 385
2 665
2 799
-19 671
27 512
-27 372
4 798
25 791
-8 630
-26 593
19 455
-1 428
29 939
-12 707
-10 527
-13 430
-3 298
-4 439
23 518
-6 521
6 565
12 626
-29 974
15 971
12 667
-14 615
0 471
-14 414
24 461
6 476
-7 556
-12 430
49 437
-46 771
-5 644
10 509
-15 312
21 297
-22 271
12 381
-9 510
7 499
-50 740
56 820
0 789
-1 470
0 611
9 656
-30 807
4 625
5 636
11 583
-5 384
-2 487
34 720
-46 557
21 428
-22 332
27 299
-19 296
11 452
3 473
-32 445
4 904
40 1086
-11 850
3 736
-12 550
-8 581
-5 622
7 595
21 644
-6 505
33 311
-48 760
5 797
-1 622
6 489
-23 344
21 404
0 508
11 485
-12 479
-3 656
-8 635
-8 827
-1 638
14 465
35 344
-43 679
38 668
-21 636
-25 522
15 338
27 547
-29 745
21 574
-21 430
6 269
11 215
-26 323
36 486
-20 528
-1 420
-1 485
31 1078
-21 832
0 659
-3 457
-5 286
10 315
-2 362
2 375
-3 411
-10 509
-38 756
55 777
-16 485
11 372
6 416
-1 418
7 483
-6 788
-3 703
-2 436
-8 623
23 712
-20 575
-11 620
22 419
12 599
-24 814
6 776
-18 647
25 361
9 417
-26 631
-8 475
22 365
-5 285
-4 314
-11 385
-3 542
3 567
19 610
2 368
19 938
-29 1028
-20 810
28 622
-5 514
5 430
-21 516
18 581
-15 498
11 364
-31 672
12 753
2 655
25 390
-20 335
19 344
20 406
-32 406
5 498
4 350
14 678
0 720
-4 573
-8 454
-1 424
2 390
-40 897
32 731
-7 626
1 376
7 599
2 819
2 624
16 429
-4 427
7 295
-28 387
31 491
-18 536
7 481
-5 384
-39 909
22 1055
-6 818
19 654
1 412
11 396
-4 462
-9 618
7 561
0 334
-4 514
25 634
-29 477
11 339
-15 318
19 271
-10 281
0 395
-4 506
26 521
-11 473
-14 892
11 1035
19 1080
1 715
-28 600
-16 816
59 839
-47 666
11 522
-8 301
0 654
3 858
11 518
-28 392
24 314
2 342
-18 333
9 468
-2 571
18 577
-22 772
0 1221
19 1151
-28 919
12 624
2 731
23 654
-24 587
18 632
-19 669
10 496
9 574
-14 708
12 580
-5 492
-26 465
38 464
-32 455
1 488
8 508
-7 664
5 714
-4 583
15 675
1 801
3 701
4 813
3 721
-21 642
-9 607
0 604
1 632
-41 640
76 492
-26 693
-1 710
-7 534
18 406
3 429
-15 473
12 578
-17 670
-7 998
42 883
-33 690
30 722
-1 714
-21 520
-5 298
14 379
-5 652
-4 651
-1 635
26 656
-20 630
14 1053
-13 885
-16 642
6 366
12 332
-1 448
0 532
-11 537
0 830
12 804
-29 577
12 613
-2 549
0 585
28 770
-45 629
20 708
11 723
8 528
-10 532
-24 598
0 703
10 568
18 417
13 394
-16 352
-9 408
-3 589
23 609
-5 1041
-24 998
41 1021
-20 763
29 592
-33 526
-5 537
12 537
16 672
-6 583
-26 442
-3 592
12 895
2 668
-9 451
13 341
1 333
-15 319
21 433
-2 497
-21 543
19 809
5 623
-6 802
-8 775
-2 653
-11 766
28 584
-6 537
-7 664
21 886
-16 491
42 711
-70 820
23 690
0 404
0 462
2 412
-6 296
8 620
-6 922
-16 562
38 547
3 885
-34 882
6 603
14 463
-7 413
5 437
-5 482
-13 579
6 508
9 536
5 1057
-29 992
15 650
4 491
0 445
-21 423
27 454
9 490
-23 512
-3 522
20 540
19 947
-20 1109
-12 942
3 435
13 630
-15 601
0 706
-2 698
-1 587
-7 359
8 615
-10 599
25 450
-7 368
16 282
-21 191
0 233
14 352
-5 454
11 472
-30 1016
67 1000
-41 976
-15 620
-9 627
19 534
-10 513
25 721
-20 885
-7 586
10 318
5 615
-43 839
43 588
-4 394
10 361
-25 396
-9 420
37 473
6 470
-38 529
16 691
0 602
29 742
-33 722
-8 518
7 573
0 660
11 793
-10 854
-4 695
18 566
-1 570
4 1069
0 875
-14 575
-22 516
43 419
-9 525
-20 582
1 675
-2 606
16 821
-18 1022
45 1038
-25 899
7 653
7 513
-24 401
12 401
-2 481
-23 510
20 381
25 438
-42 753
18 588
-3 509
8 440
-1 470
-2 474
-9 515
-23 524
32 498
-15 577
6 595
-3 813
-1 671
-12 498
12 618
-16 458
0 764
16 740
6 734
-1 378
-6 556
39 872
-11 747
-21 482
2 321
-17 352
8 322
13 415
0 505
-18 484
5 798
-22 1037
63 1060
-44 760
2 611
17 463
10 439
-13 449
-3 432
5 584
-3 463
25 584
-37 726
4 607
20 499
-25 455
16 366
9 492
-13 636
-18 619
20 557
0 616
8 657
-32 790
11 622
26 502
-25 582
28 732
-17 720
29 647
-39 544
6 340
-22 599
37 851
-22 796
2 682
-3 633
8 540
-4 433
14 540
21 567
-33 562
7 975
